1 45 
1 58 
1 83 
1 97 
1 163 
1 179 
1 190 
1 269 
1 306 
1 311 
1 368 
1 371 
1 392 
1 430 
1 485 
1 495 
1 545 
1 557 
1 573 
1 620 
1 628 
1 631 
1 640 
1 647 
1 653 
1 675 
1 704 
1 813 
1 897 
1 902 
1 925 
1 1088 
1 1091 
1 1124 
1 1161 
1 1203 
1 1242 
1 1248 
1 1257 
1 1263 
1 1275 
1 1293 
1 1297 
1 1304 
1 1323 
1 1328 
1 1374 
1 1391 
1 1406 
1 1422 
1 1446 
1 1452 
1 1479 
1 1544 
1 1611 
1 1622 
1 1635 
1 1641 
1 1667 
1 1677 
1 1719 
1 1722 
1 1736 
1 1756 
1 1781 
1 1783 
1 1803 
1 1810 
1 1819 
1 1840 
1 1863 
1 1872 
1 1873 
1 1905 
1 1922 
1 1926 
1 2002 
1 2012 
1 2031 
1 2035 
1 2039 
1 2074 
1 2086 
1 2092 
1 2093 
1 2103 
1 2143 
1 2175 
1 2251 
1 2258 
1 2265 
1 2288 
1 2291 
1 2305 
1 2315 
1 2335 
1 2349 
1 2367 
1 2418 
1 2464 
1 2466 
1 2512 
1 2535 
1 2547 
1 2550 
1 2586 
1 2693 
1 2702 
1 2727 
1 2738 
1 2768 
1 2769 
1 2861 
1 2864 
1 2895 
1 2897 
1 2908 
1 2929 
1 2945 
1 2952 
1 2986 
1 3125 
1 3152 
1 3180 
1 3186 
1 3193 
1 3259 
1 3270 
1 3334 
1 3376 
1 3403 
1 3410 
1 3426 
1 3444 
1 3446 
1 3463 
1 3468 
1 3511 
1 3517 
1 3533 
1 3579 
1 3621 
1 3631 
1 3670 
1 3674 
1 3702 
1 3741 
1 3752 
1 3824 
1 3827 
1 3830 
1 3846 
1 3861 
1 3868 
1 3874 
1 3923 
1 3925 
1 3944 
1 3972 
1 3985 
1 4055 
1 4072 
1 4089 
1 4098 
1 4099 
1 4101 
1 4103 
1 4126 
1 4142 
1 4176 
1 4213 
1 4245 
1 4246 
1 4262 
1 4266 
1 4280 
1 4282 
1 4284 
1 4297 
1 4323 
1 4330 
1 4340 
1 4404 
1 4426 
1 4429 
1 4456 
1 4468 
1 4506 
1 4519 
1 4597 
1 4602 
1 4627 
1 4628 
1 4710 
1 4726 
1 4742 
1 4753 
1 4824 
1 4838 
1 4862 
1 4908 
1 4958 
1 4977 
1 4984 
1 4991 
1 5038 
1 5040 
1 5041 
1 5046 
1 5070 
1 5094 
1 5103 
1 5116 
1 5156 
1 5179 
1 5190 
1 5213 
1 5214 
1 5265 
1 5321 
1 5350 
1 5361 
1 5387 
1 5406 
1 5440 
1 5485 
1 5512 
1 5519 
1 5523 
1 5535 
1 5655 
1 5658 
1 5783 
1 5824 
1 5853 
1 5908 
1 5957 
1 6015 
1 6072 
1 6078 
1 6209 
1 6215 
1 6225 
1 6251 
1 6259 
1 6260 
1 6348 
1 6374 
1 6393 
1 6407 
1 6423 
1 6431 
1 6481 
1 6487 
1 6524 
1 6552 
1 6558 
1 6572 
1 6610 
1 6625 
1 6637 
1 6651 
1 6709 
1 6720 
1 6749 
1 6760 
1 6773 
1 6775 
1 6802 
1 6851 
1 6864 
1 6896 
1 6898 
1 6913 
1 6916 
1 6967 
1 6977 
1 6980 
1 6996 
1 7015 
1 7081 
1 7099 
1 7111 
1 7148 
1 7180 
1 7230 
1 7250 
1 7286 
1 7302 
1 7323 
1 7338 
1 7371 
1 7391 
1 7461 
1 7499 
1 7511 
1 7522 
1 7525 
1 7547 
1 7600 
1 7608 
1 7623 
1 7656 
1 7668 
1 7695 
1 7705 
1 7706 
1 9062 
